5399 3008 1586 4394
9903 6573 1022 8453
2454 0465 9312 9254
3958 0535 1982 9507
5139 0340 8264 7403
0489 2696 0805 2759
9511 5949 3187 2950
3825 8966 1939 8054
9473 0076 5918 4107
3905 5123 7875 3605
8920 9316 2669 8588
6818 0766 3895 3429
7476 9381 7669 9947
3298 1137 1402 7315
5168 0377 0687 1075
0327 4851 3810 8445
9520 6628 2104 0195
9922 3223 1400 4130
9999 9999 9999 9999
6608 6850 5990 9441
0549 5109 4853 0659
6678 6534 4987 9944
2161 2458 2265 6810
8356 0324 4215 4497
5653 8275 2507 3060
3047 3460 1344 2030
4506 0491 7490 5872
6695 0517 4237 3020
0431 2772 8177 9498
2642 1250 2448 3793
0091 2683 1706 0966
2664 9063 7459 5624
1334 9364 3816 7844
5168 0377 0687 1070
4110 7225 2017 1264
0012 5024 8781 9393
3125 4258 4452 4480
9999 9999 9999 9993
2319 9207 4020 2596
6339 9978 4085 7407
