12 18 27 48 44 45 29 36 76 88 74 90 83 54
1 7 18 22 5 66 32 83 80 79
13 42 28 49 70 35 2 5 7 6 82 90 80 87
12 20 75 58 86 23 33 18 43 1 61 3 38 64 7 80 95 14
6 20 54 51 61 47 91 92 86
21 33 42 44 99 28 43 77 98 94
23 37 45 50 41 53 1 61 75 88 67 69 93 81 97 78
16 27 3 29 38 44 63 84 82 69 80 95 97
26 38 3 48 53 58 75 65 66 91 100 87 78
17 22 23 29 37 51 56 63 96
14 35 43 52 21 64 65 91 90 50
4 3 5 2 1
23 48 58 59 50 52 60 75 2 64 34 21
12 15 16 52 32 51 50 34 68 88 83 91 8 92 94 97
18 22 33 56 3 57 75 64 4 70 83 95 8
11 25 31 34 45 47 51 73 9 88 8 44 79 28
13 21 22 48 75 90 91 98 100 81
10 17 39 18 58 31 28 41 60 3 64 71 6 80
19 25 51 59 61 75 76 6 91 69 80 84
12 19 30 40 44 1 59 46 38 64 65 7 9 83 100 86 93 4
32 31 55 50 41 62 5 65 71 92 86 29 4
11 14 17 18 46 45 75 43 88 8 81 79 58
10 11 12 20 23 39 55 58 30 29 41 99 70 86 50
10 24 32 33 40 58 34 7 86
11 22 17 25 55 18 37 72 71 24 69 80 87 28
12 24 46 71 73 99 7 6 82 100
17 22 38 54 56 35 59 60 75 65 91 80 96 78
20 23 27 84 63 47 45 37 61 89 65 83 12 92 94 79
21 25 17 27 39 81 76 33 23 1 98 62 73 4 92 95
26 37 47 75 43 28 88 4 7 68 86 94 72
17 58 35 77 60 74 6 93 94 97
10 19 26 47 51 52 53 77 76 66 82 92 95 85
58 22 60 55 47 44 30 42 34 77 46 74 17 18 82 100 93 84 78
17 21 27 39 19 51 40 61 6 93 92 96
22 33 38 47 51 58 60 8 80 87 14
19 20 22 23 55 71 62 56 28 29 61 75 5 7 67 8 73 79 85
21 30 31 32 46 37 29 36 99 94
1 13 18 30 49 50 57 77 64 89 32 9 8 100 31
39 43 53 56 57 34 99 74 94 78 95 87 85
17 21 3 51 53 99 35 68 8 97
