876 966 361 412 484 342 -610 154 385 703 794 -173 223 656 781
985 861 879 410 664 469 894 809 756 -192
797 728 617 972 902 981 840 932 954 557 997 814 535 796
589 506 978 960 784 641 854 951 953 895 722 663 764 666 879 966 900
100 200 300 400
18 -253 607 -104 -522 903 -283 -673 959 908 -202 944 691 738 460 344 910 788 323 115
260 185 553 758 815 919 949 781 673 429
-328 932 965 -325 78 395 637 90 -165 -58 606 -49 793 443 865 450 869 91 687 563
957 970 966 905 915
678 954 857 200 526 652 211 951 50 801 692 986 652
354 887 261 913 851 890 879 532 679 954 939
104 493 541 598 275 -320 835 741 408 689 319 452
872 978 504 996 25 78 995 536
869 950 944 812 770 925 848 766 900
152 -357 317 508 988 -66 758 -181 606 889 198 230 549 926 55
561 879 720 440 949 905 688 814 135 755 963 609 641 571 986 848 958 454
564 955 667 802 884 911 913 870 793 906 831 365 793 811 753 840 941
970 804 532 871 808 875
839 749 999 649 767 918 791 977 895 641 558 902 588 796 874 623 735 901 576
986 999 916 739 999 956 855 971
435 822 738 872 906 845 873 707 784 631 940 991 128 306 883 686 582 995 554 863
804 344 -112 -57 941 148 991 671 324 892 494 968 602
9 10 11 12
900 622 811 791 935 872 938 906 671 985 891 411 974 947
959 815 987 794 579 916 797 854 549 718 334 710 378
811 284 898 855 798 904 626 991 735 894 968 994 811 939 890 484
895 950 234 965 837 942 620 849 649 883 527 794
179 961 815 854 200 -3 288 990 793 718 780
560 523 848 879 656 800 467 852
952 760 474 842 930 599 931 580 746 838 816 802 948 873 729 945 831 663
902 424 552 383 866 696 746 160 880 282 121 884 945 110 974 -119
354 840 528 470 456 730 879 895 916 780 838 954 728 658 794 243
459 734 855 991 357 988 897 409 897 766 395 896 542 847 685 644 104 522 814
905 992 1000 938 997 941 787 717 521 942 807 943 946 874 852 885 921
422 920 972 805 970 944 693 163 -159 761
95 850 -157 589 -133 595 632 284 656 106 978 19 -51 980
613 980 26 333 860 952 285 928 811 575 791 945 973 977 827 976 992 899 928 391
756 974 700 909 456 491 642 836 730 813 600 994 325 923 932 834 939 917 998
202 919 636 756 384 723 669 879 913 -291 181 51 986 962 -459 622 625 821
805 848 439 777 844 409 998 78 671 906 976 125 898 825 869 461 705 691
