-625 252 -960 412 484 27 -889 135 -543 -39 794 -588 21 595 -854 | 876 966 361 -239 -251 342 -610 -862 385 659 373 -684 223 -594 781 | -396 -190 -909 -327 260 -208 -690 154 -478 703 -158 -173 156 656 51
83 -402 -382 410 664 96 -357 -699 -46 -798 | 118 588 879 388 -693 -555 -740 733 756 -192 | -558 805 766 -803 -710 -937 664 -460 554 -984 | -902 -937 -541 -919 -534 469 -134 809 -615 -522 | 985 861 -974 -753 -79 210 894 -526 605 -284
-319 -117 -960 972 409 -551 -699 -438 -565 -171 218 -868 265 -993 | 284 -119 -239 444 -4 981 -461 -92 -754 -631 -538 -341 299 232 | -244 581 -140 -484 -47 -309 -122 932 954 -938 47 -495 -639 -674 | -500 107 598 -789 -503 -161 840 465 -62 -905 997 814 -435 -279 | 797 -142 230 -708 151 -633 824 590 -206 -829 43 10 -55 -135 | 48 -203 -746 -205 -262 -58 667 928 592 557 172 731 535 -848 | 625 -88 -418 443 -131 -738 281 840 -910 -269 979 52 395 -300 | 715 86 617 479 -945 -233 341 794 -65 -919 820 -362 -672 796 | 636 728 267 -452 902 -176 310 -36 32 135 -637 -929 153 124
-678 458 736 237 -864 641 122 106 -389 -268 310 -625 -113 -978 324 624 414 | 77 0 281 960 589 -207 -742 -211 799 -168 -187 254 98 -294 879 -259 -489 | -745 506 -377 -221 784 431 -894 608 -453 -672 422 210 442 -759 763 100 -239 | -983 157 -42 -45 -684 97 -32 -591 -533 -632 364 368 -855 -674 -205 -732 338 | 236 -718 978 598 -630 -511 296 -868 -57 812 722 595 -398 666 -236 375 -646 | 134 -121 840 -545 -692 -407 854 -931 620 -279 -396 -857 -915 -237 228 -905 460 | 589 64 -875 -842 275 -83 -745 951 96 -388 177 663 764 -564 211 966 -846 | 481 474 -950 -611 183 566 -884 -289 953 895 105 -221 729 -476 -77 -277 900
1 2 3 4 | 5 6 7 8 | 9 10 11 12 | 100 200 300 400
18 -253 -591 -252 -774 903 -283 -721 959 409 -202 944 691 -923 460 69 691 788 323 115 | -944 -416 607 -104 -522 253 -429 -673 -248 908 -335 476 -551 738 -65 344 910 70 -901 -442
-209 -580 -393 758 743 93 325 429 -668 366 | -839 -101 127 -904 815 115 921 -630 51 35 | 105 -849 -150 134 -463 919 -493 592 168 429 | -413 185 69 -824 -851 740 910 781 673 -424 | 260 -606 553 -513 580 -98 949 -339 173 -65 | -485 -60 390 -463 171 413 886 -850 -154 226
-328 932 965 -325 78 395 570 90 -165 -433 606 -310 793 443 865 -672 651 91 -516 -738 | -790 -731 837 -793 -525 -631 637 34 -861 -58 -568 -49 575 -272 -785 450 869 -457 687 563
810 -503 755 -900 -679 | -790 -848 -421 72 915 | 599 -50 840 838 -80 | 957 722 -42 905 8 | -880 440 884 476 289 | 723 132 234 550 354 | 550 970 966 -231 -666 | 32 -3 -769 -176 -339
-718 -682 857 -441 -73 652 211 -211 -700 801 692 614 -742 | 678 -737 401 -602 -930 102 -945 -71 -458 -798 284 81 -17 | 12 848 763 200 526 368 -230 951 -316 -778 -996 -219 137 | 370 954 -881 135 -331 -100 -865 794 50 -962 682 986 652
354 -984 17 181 -505 431 222 -191 241 786 939 | -987 887 261 913 851 -828 259 532 -436 577 -593 | -59 315 -254 147 -25 -28 -817 418 679 -297 -958 | -279 -155 -307 370 -87 890 879 -656 559 -179 -977 | -532 823 -781 113 778 -165 -765 -354 211 -165 -670 | 292 -192 -494 -466 305 -186 -846 -601 -550 954 -44 | 76 615 250 -998 480 187 811 -720 13 90 55
-538 493 541 -191 -635 -621 -33 741 408 689 -557 159 | -668 -27 -162 598 275 -332 835 735 -630 -945 21 452 | 104 -45 471 97 -508 -320 527 -238 109 -318 319 -251
872 777 -621 505 -714 -736 -368 536 | 113 903 -320 550 -675 78 -342 502 | 854 978 -863 -738 25 -417 946 -653 | 377 -870 279 60 -810 -784 659 58 | -329 568 504 996 -902 -910 995 368
37 -847 330 250 -347 43 167 68 611 | 869 -385 944 812 -675 226 -313 -525 900 | -388 -631 66 787 623 -28 -835 766 -662 | 627 -678 543 -183 -835 549 342 -872 -44 | 183 -156 -583 57 -314 925 -566 -41 -224 | -239 950 553 486 770 -827 -692 603 -813 | 377 -80 540 -469 -707 -712 848 -202 225
-7 -939 -758 80 988 -279 443 -696 379 889 198 230 -918 926 55 | 152 -357 317 508 939 -66 758 -181 606 -786 -391 -569 549 625 -88
561 -80 720 -484 911 -213 -805 566 135 -309 78 -516 387 -942 476 -996 -133 -695 | -8 -103 617 -295 949 69 147 -836 -79 -884 -190 -922 641 -264 986 -441 43 395 | 3 792 -174 -11 43 -815 -629 -455 -180 -490 595 -979 -481 -51 766 144 -114 395 | -923 -216 326 -959 -480 -42 -535 -31 48 519 -72 -717 -508 -305 -203 261 -708 454 | -379 765 49 -51 -13 -91 688 280 -27 -384 -477 -353 374 280 -63 848 600 322 | -37 879 319 -447 -209 127 595 -803 -81 755 -188 -504 -145 -665 82 6 890 -211 | 71 -722 -693 -569 891 905 17 11 -98 -171 58 116 -285 -30 87 -66 -71 -529 | 201 -419 -989 -439 -67 452 -935 27 -599 104 963 -665 361 571 907 715 958 -387 | -119 747 -309 -798 -760 -604 127 814 -627 749 -785 -837 586 439 -191 -660 -164 -761 | -587 221 -201 440 -283 -773 -512 106 -415 -337 261 609 253 25 -975 -233 -163 -36
-656 421 -689 554 -912 -728 -323 870 -421 906 -361 -784 793 -13 737 23 941 | 500 944 456 506 -255 -617 -546 -878 507 855 259 -451 -763 737 -852 -601 -176 | -677 -105 -635 -223 -812 -432 426 332 -276 -615 754 -395 -219 624 479 782 -727 | 316 -52 -993 -326 79 189 -214 -438 173 462 -20 -945 -304 124 10 840 823 | 180 620 -138 190 -156 784 242 770 793 -456 -969 -418 204 811 -865 495 -228 | 564 356 -468 -46 -513 -880 214 -842 419 -978 139 -870 697 466 279 -636 710 | -913 -700 -706 -820 -326 -779 -108 -772 589 781 831 365 -561 598 753 301 -1 | -285 955 319 802 -619 -860 895 -11 -114 -455 530 344 -979 -511 371 439 -180 | -532 175 667 -210 884 911 913 791 -707 466 -19 -794 -938 537 201 222 812
970 804 364 -835 -762 -562 | -736 49 321 -947 -251 -948 | 692 -750 -307 871 244 -333 | 365 424 532 -793 -469 875 | -645 -820 -731 495 606 286 | -103 471 -474 794 808 -200 | 708 -526 27 -543 793 -651 | -980 468 -465 347 -369 88
180 -570 999 -531 342 -278 735 -624 487 100 -694 -6 -162 370 -678 -394 -613 901 -972 | 804 569 -912 -720 -307 175 -967 4 -199 -688 -474 2 308 -495 -115 183 -604 -101 -120 | 304 -117 -317 -634 -93 -106 141 -564 606 96 -774 -514 -677 173 874 -907 -400 173 465 | 619 -504 -50 649 16 -283 -916 -448 -235 -146 -328 900 303 -937 151 -899 55 -804 576 | 839 212 -85 306 -763 77 791 -655 -309 -270 558 38 -110 -764 347 -989 714 358 -889 | 780 -524 -300 -584 -986 918 -486 158 895 -593 -416 902 588 600 -266 -756 321 784 163 | 182 749 -499 16 767 51 412 -379 -101 -797 227 -464 -582 -120 -519 285 -333 465 -257 | -388 -928 414 -118 104 -907 -777 977 -363 641 -128 -696 496 666 430 -48 354 404 -195 | -449 -691 -261 -533 -889 300 19 -260 384 -20 -311 799 -624 796 -367 -545 735 106 -621 | 782 -265 -56 -558 -726 326 -364 420 185 585 139 740 -334 -402 -358 623 188 -667 -822
877 -485 -873 109 775 -254 478 -957 | -439 66 -14 267 -792 694 403 -980 | -459 333 -160 739 -376 802 -130 102 | -475 2 -913 607 667 58 152 -929 | -547 -1 477 -223 999 -366 13 37 | 296 -847 -484 -512 843 -576 855 466 | 986 -848 916 669 -569 956 -468 -485 | 640 999 -313 288 745 -668 -595 971
59 -616 -216 -154 184 36 -586 263 -751 521 -53 409 -887 -484 869 -278 -251 809 -911 -594 | -902 -843 -497 366 -514 770 873 -935 -203 -12 -332 -950 -141 -900 -926 -872 582 842 355 696 | 435 -686 738 -887 -802 518 -353 -973 -811 293 -910 -863 -142 306 -288 686 -173 995 -694 -576 | 37 -54 -338 336 906 184 -43 -726 272 176 -261 845 -618 -486 -210 99 64 -970 477 153 | -264 388 -816 -817 -321 738 548 -564 574 -21 294 -725 -804 -515 883 458 289 -416 -764 863 | -39 -384 -873 -412 -312 233 -731 707 784 379 940 991 128 -944 70 -219 -718 -144 -981 123 | -448 822 -943 872 666 845 -929 -32 575 631 287 -28 -157 303 15 119 -893 345 554 703
-196 129 -683 -57 693 116 -170 -170 324 788 106 -942 602 | 804 344 -112 -923 941 148 991 671 93 892 494 968 -208
1 2 3 4 | 5 6 7 8 | 9 10 11 12
-445 -56 493 791 603 460 -87 906 -63 342 891 -381 819 -694 | -20 -824 -665 -446 331 872 333 257 -567 411 545 -333 974 772 | 900 326 476 -942 -661 27 382 -761 586 89 -547 411 -254 -366 | -371 214 295 -805 935 698 -32 -66 -283 813 -865 191 -940 519 | 801 622 811 -622 -798 -438 -519 -913 671 985 342 -484 -406 947 | 17 396 -406 -918 334 -668 938 466 -796 -58 -156 215 -986 -924
349 -378 -718 549 63 534 523 -754 -600 91 -148 433 378 | -407 468 -581 -405 570 658 -399 -664 485 533 -453 -819 -519 | 740 -281 522 -412 579 447 797 -56 39 -303 -270 430 -796 | 959 376 987 -263 -140 916 -383 739 -919 718 195 494 -607 | -960 -54 -668 794 -816 585 -138 727 -378 258 334 710 -305 | -758 815 -871 -886 388 815 -187 -678 185 520 95 311 -368 | 294 520 829 507 539 600 29 854 549 -80 -837 32 -969
811 -937 -627 -154 263 731 -900 -913 -169 894 942 672 641 77 890 -229 | -494 -322 451 855 -271 393 -820 -939 14 287 316 485 222 -651 -427 -311 | 471 284 819 -505 798 -494 162 629 672 -126 968 -357 757 939 739 -528 | -510 -756 898 -925 242 266 -318 165 735 219 -135 674 811 -559 -681 -664 | -396 -492 -203 449 421 -938 626 -725 -534 -347 564 973 288 -322 -230 195 | -152 -707 18 -221 -997 904 146 991 -558 826 728 994 -792 267 -162 484
-725 -464 -284 -740 -341 942 -42 655 35 883 -445 227 | 895 158 234 965 -674 641 620 -342 649 119 -282 794 | -817 950 -858 848 663 -3 493 849 -216 -449 -740 736 | 218 -931 -392 614 549 -265 -744 -414 -534 291 527 -144 | 205 423 -626 497 837 513 280 363 -612 301 398 -840
-611 55 815 -27 -343 -296 288 894 793 718 780 | -732 961 665 664 -961 -903 -708 -627 -84 -648 -808 | -414 170 235 -350 200 -3 -63 990 -325 -903 -371 | -660 778 591 854 -894 -250 96 -47 -128 97 -713 | 179 483 814 12 29 -51 -735 -630 779 2 690
-312 523 442 -483 -422 -32 162 213 | -186 -899 66 62 -259 800 22 -308 | -988 285 785 362 -384 -272 -277 -885 | -212 -107 848 879 413 576 -202 467 | 47 -485 -299 75 656 -880 467 852 | 539 507 -934 700 -983 -593 417 -852 | 560 -856 468 -434 -624 -24 352 442
-21 -694 387 776 746 306 931 -559 625 601 -400 120 -963 873 729 33 354 154 | 589 651 128 821 45 -796 485 -904 746 -678 4 777 -800 363 -842 16 -87 -936 | 952 227 -502 -21 -116 388 -454 -630 -836 7 172 499 948 261 299 850 -154 -476 | 935 -170 474 -305 930 -191 -22 -702 -32 -357 -791 352 285 -306 726 -423 560 -991 | 671 -291 12 -21 -496 599 -979 -336 -839 -868 -884 800 -183 -61 321 -825 410 494 | 626 -27 -975 842 -457 -546 44 514 -473 -409 816 -352 -995 -572 -223 273 84 663 | 826 760 -970 188 -265 -524 269 68 -265 -680 -106 618 881 -27 86 -115 -165 107 | -886 532 -911 -316 -765 -100 -783 580 -648 -213 -137 802 -759 -45 -316 945 831 221 | 705 -291 -734 -276 -312 -867 838 170 -587 838 -538 -955 -32 673 -325 -780 -146 -886
-970 424 552 -466 866 696 746 -337 -456 282 -483 -184 945 -330 974 -511 | 547 89 -724 383 -835 594 559 160 828 -540 121 488 -701 110 533 -218 | 902 -418 502 -672 693 -341 -534 -126 880 -711 -470 884 -983 -491 -287 -119
354 615 24 470 -327 231 333 895 308 443 -97 -551 728 -848 -161 -78 | -271 -387 -145 -661 -511 730 -449 -921 -672 -657 838 -262 -626 658 26 227 | 36 840 -6 -452 456 -383 89 822 379 78 477 -176 623 644 -396 243 | -550 -453 528 -826 -595 299 879 -38 916 780 313 954 697 -476 794 -92
-831 -806 69 -847 -20 -919 807 409 80 225 165 173 -832 847 -348 644 104 -739 2 | -977 734 855 846 -639 -283 447 -170 897 -766 -739 711 249 413 513 -191 -969 368 336 | 296 28 621 -489 253 988 367 -166 655 -880 -421 -115 542 240 -937 -104 -468 -430 -354 | -344 637 496 296 357 -611 188 142 -40 766 -580 -365 43 125 -85 -315 -850 125 -379 | 144 -246 -422 991 -968 -785 897 160 808 -5 395 -468 -256 187 685 208 7 257 814 | 459 -954 436 585 -578 -633 -781 -493 181 -405 -565 896 -226 404 -714 599 -590 522 294
905 -459 115 500 -89 82 -93 604 -71 942 -64 -683 946 115 498 728 -379 | 54 896 -993 864 -471 -106 79 468 -275 869 -506 -694 -349 225 -749 -787 921 | -556 -165 -768 938 -82 595 -172 -407 521 -236 400 267 -563 -818 164 -491 0 | 419 179 1000 -531 221 -694 607 574 335 320 183 46 -84 -407 323 -313 241 | 327 -949 -441 -430 -512 -427 686 -652 518 -701 518 -561 -846 -715 -816 3 -192 | -436 767 -949 -585 -465 941 787 717 -282 311 807 643 -960 874 852 637 -349 | 718 -568 926 -628 997 -152 -506 -163 -313 296 -234 -952 137 -949 405 885 -522 | -677 901 455 -859 -421 -110 119 281 478 745 -818 943 205 188 -676 255 561 | 862 992 -774 -296 -254 -398 -824 -905 -734 210 -730 146 -203 -946 -775 -436 526
-127 248 615 315 970 -402 693 -330 -898 -883 | 161 649 451 -841 -583 -354 -703 -191 -159 -981 | -887 920 972 805 -378 -163 -590 163 -280 761 | 422 -457 -586 -192 617 944 75 -768 -554 334
-220 467 -681 534 -504 -66 632 177 -200 69 -60 -968 -736 980 | 95 614 -157 589 -866 263 407 179 656 -373 978 19 -242 -865 | -635 850 -756 -639 -133 595 317 284 -893 106 -523 -478 -51 -638
613 -717 -428 -187 -638 739 -193 -450 811 -182 -120 945 973 -896 -41 976 770 -77 -321 40 | 312 646 -342 -717 860 -229 285 -696 -285 -124 -877 108 -438 977 -304 -480 -304 -513 -28 -61 | -616 84 -575 -859 -265 255 -841 367 -974 575 295 304 360 86 -773 769 938 899 928 -33 | 452 313 26 -656 -480 -466 -256 -36 -902 -162 593 723 -138 -511 275 441 633 -551 -515 -671 | -202 22 -697 52 690 -780 -837 -863 14 289 259 227 223 110 827 -523 -550 -818 689 -686 | -237 980 -994 140 797 460 232 928 453 157 -302 41 834 611 513 -969 -943 -358 -669 341 | -756 69 -845 238 -116 -134 -849 -489 -738 -882 791 293 675 -862 -649 462 803 -711 -950 -397 | -706 -544 -554 333 825 952 83 -129 681 -142 -479 -347 106 818 -147 928 992 -294 720 391
-713 317 411 703 231 -455 204 -453 511 795 -568 -361 -538 23 29 -72 568 4 74 | 525 33 -528 643 -151 -216 -915 544 730 -488 217 994 -238 -441 932 -420 -435 578 373 | 756 -791 251 -979 -506 -250 -388 836 -392 -472 -928 602 313 -469 -985 834 173 597 535 | 513 688 44 -193 -941 -993 431 -942 721 186 600 -563 -164 -331 -609 254 939 309 437 | -982 974 -378 -580 35 491 -127 -538 -357 813 -910 981 81 -493 -346 -280 21 -872 -157 | -423 -770 700 909 435 -325 642 -252 140 49 461 433 325 3 684 -253 -757 917 431 | 415 -70 232 -474 456 -56 -94 -966 522 -773 52 56 124 923 -19 -441 601 756 793 | 46 -292 -781 244 -195 -295 395 -50 -658 303 -196 -614 47 38 455 -871 -951 408 998 | 132 -158 -324 153 374 -121 -54 -384 -578 -216 462 -35 66 463 851 -726 -276 27 -633
-706 777 636 -257 -501 -535 381 485 913 -291 181 51 -64 -866 -459 -766 -52 -484 | -73 919 15 756 178 646 -853 879 -829 -585 -634 -57 174 791 -747 -437 496 -989 | -311 329 -493 648 -279 723 -566 41 -400 -692 -828 -268 986 962 -814 -553 -385 -314 | 202 -438 -911 385 384 -773 669 -882 -448 -964 -644 -410 -48 222 -727 622 625 821
441 -745 -627 -207 236 -170 -877 -182 241 906 194 -994 202 -170 582 281 -688 617 | -473 -226 -530 124 844 -526 619 -892 563 652 -435 -986 624 -974 -534 -299 705 553 | -700 -641 439 -668 770 -691 998 -947 664 -110 896 125 362 825 -951 -332 -601 -753 | -411 32 -688 -524 -671 -320 -951 -468 -238 -820 967 -180 -201 795 -8 -901 367 587 | 426 -137 229 777 -171 301 767 78 392 -458 -734 -909 898 780 -656 285 -993 -679 | 532 197 307 -44 56 409 -945 -137 671 -345 976 -385 309 14 726 91 -62 691 | 805 848 -383 -647 -946 -558 -608 -167 180 386 659 8 -202 418 869 461 -115 -497
